version https://git-lfs.github.com/spec/v1
oid sha256:357ae03d2b5613d1ff83e5d1233fbb1e2aa5cfc5e9eac0b528b28c2ec4ef7d75
size 664991
