version https://git-lfs.github.com/spec/v1
oid sha256:3d4c5da32aeb3df327eeb618cc6d44ef071f7bb23aa70f544ada7c78cf848b58
size 3707
